1 0.175 0.58359375 0.0546875 0.10703125
1 0.6953125 0.51015625 0.05 0.08046875
1 0.9328125 0.565625 0.03984375 0.07265625
1 0.50859375 0.4734375 0.03828125 0.0625
1 0.35234375 0.44375 0.034375 0.046875
1 0.3078125 0.4265625 0.02265625 0.03984375
1 0.2625 0.4109375 0.01796875 0.028125
1 0.17265625 0.51875 0.034375 0.09296875
1 0.16796875 0.45859375 0.0203125 0.059375
1 0.090625 0.434375 0.01875 0.05859375
1 0.14453125 0.43515625 0.03046875 0.04921875
1 0.07421875 0.44765625 0.0265625 0.05859375
0 0.0390625 0.46640625 0.03515625 0.06875