1 0.4015625 0.75859375 0.07109375 0.16484375
1 0.47734375 0.59453125 0.03203125 0.09453125
1 0.7109375 0.4828125 0.03203125 0.06953125
1 0.96953125 0.49375 0.0546875 0.13828125
1 0.6546875 0.48203125 0.03671875 0.05859375
1 0.6140625 0.49765625 0.02265625 0.034375
1 0.5796875 0.49765625 0.02421875 0.0390625
1 0.54609375 0.51328125 0.0203125 0.0296875
1 0.48671875 0.53125 0.03125 0.05078125
1 0.41640625 0.5671875 0.02265625 0.0265625
1 0.36875 0.57421875 0.0171875 0.0296875
1 0.35078125 0.58125 0.02265625 0.0234375
1 0.76953125 0.44140625 0.0296875 0.0375
1 0.8953125 0.4015625 0.01796875 0.02578125
1 0.82265625 0.39921875 0.0203125 0.02890625