1 0.55234375 0.53984375 0.05390625 0.09921875
1 0.49765625 0.503125 0.03046875 0.04921875
1 0.6140625 0.47421875 0.03359375 0.04375
1 0.71953125 0.46796875 0.03046875 0.05078125
1 0.78828125 0.48046875 0.02734375 0.06875
1 0.85234375 0.50234375 0.04140625 0.08359375
1 0.96796875 0.440625 0.01875 0.0484375
1 0.95546875 0.4265625 0.0265625 0.0515625
1 0.915625 0.4109375 0.01484375 0.015625
1 0.87109375 0.40703125 0.02265625 0.02890625
1 0.85 0.4140625 0.01171875 0.021875
1 0.83359375 0.41015625 0.015625 0.02265625
1 0.47109375 0.49296875 0.01484375 0.034375
1 0.5078125 0.478125 0.01171875 0.02109375
1 0.53359375 0.48359375 0.0125 0.0234375
1 0.52421875 0.48046875 0.01484375 0.02578125
1 0.48203125 0.49453125 0.00859375 0.0203125