1 0.91015625 0.7953125 0.0703125 0.2328125
1 0.4234375 0.62578125 0.059375 0.12421875
1 0.27734375 0.58125 0.0328125 0.0796875
1 0.10078125 0.55078125 0.03203125 0.0578125
1 0.19921875 0.53046875 0.0328125 0.05390625
1 0.29765625 0.546875 0.05390625 0.05390625
1 0.39921875 0.5203125 0.028125 0.05
1 0.33515625 0.5296875 0.0234375 0.053125
1 0.496875 0.51796875 0.0203125 0.04921875
1 0.4328125 0.51015625 0.028125 0.0515625
1 0.94140625 0.5359375 0.021875 0.0296875
1 0.8890625 0.51953125 0.03046875 0.03203125
1 0.8609375 0.5125 0.0203125 0.02890625
1 0.66796875 0.50859375 0.028125 0.0265625
1 0.61484375 0.50703125 0.03359375 0.0453125
1 0.53984375 0.5109375 0.0421875 0.05703125