1 0.59453125 0.59296875 0.07734375 0.19765625
1 0.465625 0.49140625 0.04140625 0.1015625
1 0.2640625 0.48515625 0.03046875 0.0890625
1 0.165625 0.53046875 0.03046875 0.08046875
1 0.0390625 0.6140625 0.03828125 0.1171875
1 0.50625 0.44453125 0.028125 0.0875
1 0.5859375 0.43359375 0.01796875 0.06171875
1 0.359375 0.45390625 0.02265625 0.05078125
1 0.20234375 0.459375 0.021875 0.04140625
1 0.0640625 0.5109375 0.03203125 0.05390625
1 0.45390625 0.434375 0.02265625 0.03984375
1 0.4 0.42734375 0.05 0.06015625