1 0.07890625 0.88203125 0.14765625 0.2359375
1 0.13203125 0.665625 0.06953125 0.140625
1 0.11953125 0.58984375 0.0359375 0.06875
1 0.30390625 0.53359375 0.03359375 0.05546875
1 0.3421875 0.5921875 0.04375 0.1015625
1 0.490625 0.63828125 0.090625 0.16875
1 0.5546875 0.56328125 0.05859375 0.12734375
1 0.446875 0.4921875 0.0296875 0.06328125
1 0.59375 0.45703125 0.03828125 0.065625
1 0.7171875 0.43984375 0.04375 0.06640625
1 0.84453125 0.43671875 0.04296875 0.0671875
1 0.9640625 0.4328125 0.046875 0.07265625