1 0.01484375 0.58828125 0.0296875 0.1671875
0 0.371875 0.52890625 0.0484375 0.109375
1 0.2703125 0.48671875 0.05078125 0.0890625
1 0.7703125 0.56328125 0.0625 0.1578125
1 0.6984375 0.4734375 0.040625 0.09296875
1 0.6484375 0.4515625 0.025 0.078125
1 0.465625 0.47109375 0.02421875 0.0734375
1 0.371875 0.4421875 0.01953125 0.05078125
1 0.1484375 0.459375 0.0265625 0.06171875
1 0.49375 0.4484375 0.02578125 0.04765625
1 0.60625 0.4296875 0.0265625 0.0546875
1 0.5421875 0.4171875 0.01328125 0.04453125
1 0.39921875 0.4359375 0.02109375 0.046875
1 0.43046875 0.4203125 0.03203125 0.046875
1 0.30390625 0.4234375 0.02421875 0.04140625
1 0.23515625 0.43671875 0.02109375 0.03671875
1 0.0125 0.51328125 0.025 0.0703125