1 0.7109375 0.85 0.14375 0.29921875
1 0.46796875 0.66796875 0.065625 0.1765625
1 0.44453125 0.56953125 0.05546875 0.11484375
1 0.175 0.57421875 0.0328125 0.06875
1 0.2859375 0.53046875 0.028125 0.05625
1 0.39609375 0.4984375 0.02421875 0.0484375
1 0.45625 0.4921875 0.028125 0.0515625
1 0.50078125 0.496875 0.028125 0.0375
1 0.67578125 0.4625 0.021875 0.03671875
1 0.7296875 0.45078125 0.0234375 0.0328125
1 0.56171875 0.48046875 0.04765625 0.059375
1 0.53359375 0.47578125 0.02421875 0.034375
1 0.5921875 0.46640625 0.025 0.03671875
1 0.63203125 0.46796875 0.0296875 0.0390625