1 0.96796875 0.79453125 0.06328125 0.19609375
1 0.896875 0.78203125 0.08828125 0.19453125
1 0.74609375 0.60234375 0.04609375 0.12890625
1 0.6921875 0.5609375 0.0296875 0.08203125
1 0.64921875 0.52109375 0.0421875 0.078125
1 0.4984375 0.55625 0.05 0.06875
1 0.45390625 0.58046875 0.03046875 0.09296875
1 0.42421875 0.5828125 0.046875 0.078125
1 0.37265625 0.56484375 0.02421875 0.07421875
1 0.0734375 0.72109375 0.05703125 0.140625
1 0.11953125 0.60859375 0.046875 0.078125
1 0.15703125 0.56015625 0.03984375 0.07265625